Values of y for (D + -3) * y(t) = 0 when t is between 0 and 10 with a step size of 0.01, and y(0) = 2.

2
1.94
1.8818
1.82535
1.77059
1.71747
1.66594
1.61597
1.56749
1.52046
1.47485
1.4306
1.38768
1.34605
1.30567
1.2665
1.22851
1.19165
1.1559
1.12123
1.08759
1.05496
1.02331
0.992613
0.962834
0.933949
0.905931
0.878753
0.85239
0.826819
0.802014
0.777954
0.754615
0.731977
0.710017
0.688717
0.668055
0.648014
0.628573
0.609716
0.591425
0.573682
0.556471
0.539777
0.523584
0.507876
0.49264
0.477861
0.463525
0.449619
0.436131
0.423047
0.410355
0.398045
0.386103
0.37452
0.363285
0.352386
0.341815
0.33156
0.321613
0.311965
0.302606
0.293528
0.284722
0.27618
0.267895
0.259858
0.252062
0.2445
0.237165
0.23005
0.223149
0.216454
0.209961
0.203662
0.197552
0.191626
0.185877
0.180301
0.174892
0.169645
0.164555
0.159619
0.15483
0.150185
0.14568
0.141309
0.13707
0.132958
0.128969
0.1251
0.121347
0.117707
0.114176
0.11075
0.107428
0.104205
0.101079
0.0980464
0.095105
0.0922519
0.0894843
0.0867998
0.0841958
0.0816699
0.0792198
0.0768432
0.0745379
0.0723018
0.0701327
0.0680288
0.0659879
0.0640083
0.062088
0.0602254
0.0584186
0.056666
0.0549661
0.0533171
0.0517176
0.050166
0.0486611
0.0472012
0.0457852
0.0444116
0.0430793
0.0417869
0.0405333
0.0393173
0.0381378
0.0369937
0.0358838
0.0348073
0.0337631
0.0327502
0.0317677
0.0308147
0.0298902
0.0289935
0.0281237
0.02728
0.0264616
0.0256678
0.0248977
0.0241508
0.0234263
0.0227235
0.0220418
0.0213805
0.0207391
0.0201169
0.0195134
0.018928
0.0183602
0.0178094
0.0172751
0.0167568
0.0162541
0.0157665
0.0152935
0.0148347
0.0143897
0.013958
0.0135392
0.0131331
0.0127391
0.0123569
0.0119862
0.0116266
0.0112778
0.0109395
0.0106113
0.010293
0.00998417
0.00968464
0.0093941
0.00911228
0.00883891
0.00857374
0.00831653
0.00806703
0.00782502
0.00759027
0.00736256
0.00714169
0.00692744
0.00671961
0.00651803
0.00632248
0.00613281
0.00594883
0.00577036
0.00559725
0.00542933
0.00526645
0.00510846
0.00495521
0.00480655
0.00466235
0.00452248
0.00438681
0.0042552
0.00412755
0.00400372
0.00388361
0.0037671
0.00365409
0.00354447
0.00343813
0.00333499
0.00323494
0.00313789
0.00304375
0.00295244
0.00286387
0.00277795
0.00269461
0.00261377
0.00253536
0.0024593
0.00238552
0.00231396
0.00224454
0.0021772
0.00211188
0.00204853
0.00198707
0.00192746
0.00186964
0.00181355
0.00175914
0.00170637
0.00165518
0.00160552
0.00155735
0.00151063
0.00146532
0.00142136
0.00137871
0.00133735
0.00129723
0.00125832
0.00122057
0.00118395
0.00114843
0.00111398
0.00108056
0.00104814
0.0010167
0.000986197
0.000956611
0.000927913
0.000900075
0.000873073
0.000846881
0.000821474
0.00079683
0.000772925
0.000749737
0.000727245
0.000705428
0.000684265
0.000663737
0.000643825
0.00062451
0.000605775
0.000587602
0.000569974
0.000552874
0.000536288
0.0005202
0.000504594
0.000489456
0.000474772
0.000460529
0.000446713
0.000433312
0.000420312
0.000407703
0.000395472
0.000383608
0.000372099
0.000360936
0.000350108
0.000339605
0.000329417
0.000319534
0.000309948
0.00030065
0.00029163
0.000282882
0.000274395
0.000266163
0.000258178
0.000250433
0.00024292
0.000235632
0.000228563
0.000221707
0.000215055
0.000208604
0.000202346
0.000196275
0.000190387
0.000184675
0.000179135
0.000173761
0.000168548
0.000163492
0.000158587
0.000153829
0.000149215
0.000144738
0.000140396
0.000136184
0.000132099
0.000128136
0.000124292
0.000120563
0.000116946
0.000113438
0.000110034
0.000106733
0.000103531
0.000100425
9.74127e-05
9.44903e-05
9.16556e-05
8.89059e-05
8.62387e-05
8.36516e-05
8.1142e-05
7.87078e-05
7.63465e-05
7.40561e-05
7.18344e-05
6.96794e-05
6.7589e-05
6.55614e-05
6.35945e-05
6.16867e-05
5.98361e-05
5.8041e-05
5.62998e-05
5.46108e-05
5.29724e-05
5.13833e-05
4.98418e-05
4.83465e-05
4.68961e-05
4.54892e-05
4.41246e-05
4.28008e-05
4.15168e-05
4.02713e-05
3.90632e-05
3.78913e-05
3.67545e-05
3.56519e-05
3.45823e-05
3.35449e-05
3.25385e-05
3.15624e-05
3.06155e-05
2.9697e-05
2.88061e-05
2.79419e-05
2.71037e-05
2.62906e-05
2.55018e-05
2.47368e-05
2.39947e-05
2.32748e-05
2.25766e-05
2.18993e-05
2.12423e-05
2.06051e-05
1.99869e-05
1.93873e-05
1.88057e-05
1.82415e-05
1.76943e-05
1.71634e-05
1.66485e-05
1.61491e-05
1.56646e-05
1.51947e-05
1.47388e-05
1.42967e-05
1.38678e-05
1.34517e-05
1.30482e-05
1.26567e-05
1.2277e-05
1.19087e-05
1.15515e-05
1.12049e-05
1.08688e-05
1.05427e-05
1.02264e-05
9.91963e-06
9.62204e-06
9.33338e-06
9.05338e-06
8.78178e-06
8.51832e-06
8.26277e-06
8.01489e-06
7.77444e-06
7.54121e-06
7.31497e-06
7.09552e-06
6.88266e-06
6.67618e-06
6.47589e-06
6.28162e-06
6.09317e-06
5.91037e-06
5.73306e-06
5.56107e-06
5.39424e-06
5.23241e-06
5.07544e-06
4.92318e-06
4.77548e-06
4.63222e-06
4.49325e-06
4.35845e-06
4.2277e-06
4.10087e-06
3.97784e-06
3.85851e-06
3.74275e-06
3.63047e-06
3.52155e-06
3.41591e-06
3.31343e-06
3.21403e-06
3.11761e-06
3.02408e-06
2.93336e-06
2.84536e-06
2.75999e-06
2.6772e-06
2.59688e-06
2.51897e-06
2.4434e-06
2.3701e-06
2.299e-06
2.23003e-06
2.16313e-06
2.09823e-06
2.03529e-06
1.97423e-06
1.915e-06
1.85755e-06
1.80182e-06
1.74777e-06
1.69534e-06
1.64448e-06
1.59514e-06
1.54729e-06
1.50087e-06
1.45584e-06
1.41217e-06
1.3698e-06
1.32871e-06
1.28885e-06
1.25018e-06
1.21268e-06
1.1763e-06
1.14101e-06
1.10678e-06
1.07357e-06
1.04137e-06
1.01013e-06
9.79822e-07
9.50427e-07
9.21915e-07
8.94257e-07
8.67429e-07
8.41407e-07
8.16164e-07
7.91679e-07
7.67929e-07
7.44891e-07
7.22544e-07
7.00868e-07
6.79842e-07
6.59447e-07
6.39663e-07
6.20474e-07
6.01859e-07
5.83804e-07
5.66289e-07
5.49301e-07
5.32822e-07
5.16837e-07
5.01332e-07
4.86292e-07
4.71703e-07
4.57552e-07
4.43826e-07
4.30511e-07
4.17595e-07
4.05068e-07
3.92916e-07
3.81128e-07
3.69694e-07
3.58603e-07
3.47845e-07
3.3741e-07
3.27288e-07
3.17469e-07
3.07945e-07
2.98707e-07
2.89745e-07
2.81053e-07
2.72621e-07
2.64443e-07
2.5651e-07
2.48814e-07
2.4135e-07
2.34109e-07
2.27086e-07
2.20273e-07
2.13665e-07
2.07255e-07
2.01038e-07
1.95007e-07
1.89156e-07
1.83482e-07
1.77977e-07
1.72638e-07
1.67459e-07
1.62435e-07
1.57562e-07
1.52835e-07
1.4825e-07
1.43803e-07
1.39488e-07
1.35304e-07
1.31245e-07
1.27307e-07
1.23488e-07
1.19783e-07
1.1619e-07
1.12704e-07
1.09323e-07
1.06043e-07
1.02862e-07
9.97763e-08
9.6783e-08
9.38795e-08
9.10631e-08
8.83312e-08
8.56813e-08
8.31108e-08
8.06175e-08
7.8199e-08
7.5853e-08
7.35774e-08
7.13701e-08
6.9229e-08
6.71521e-08
6.51376e-08
6.31834e-08
6.12879e-08
5.94493e-08
5.76658e-08
5.59359e-08
5.42578e-08
5.263e-08
5.10511e-08
4.95196e-08
4.8034e-08
4.6593e-08
4.51952e-08
4.38394e-08
4.25242e-08
4.12484e-08
4.0011e-08
3.88107e-08
3.76463e-08
3.6517e-08
3.54214e-08
3.43588e-08
3.3328e-08
3.23282e-08
3.13584e-08
3.04176e-08
2.95051e-08
2.86199e-08
2.77613e-08
2.69285e-08
2.61206e-08
2.5337e-08
2.45769e-08
2.38396e-08
2.31244e-08
2.24307e-08
2.17578e-08
2.1105e-08
2.04719e-08
1.98577e-08
1.9262e-08
1.86841e-08
1.81236e-08
1.75799e-08
1.70525e-08
1.65409e-08
1.60447e-08
1.55634e-08
1.50965e-08
1.46436e-08
1.42042e-08
1.37781e-08
1.33648e-08
1.29638e-08
1.25749e-08
1.21977e-08
1.18317e-08
1.14768e-08
1.11325e-08
1.07985e-08
1.04746e-08
1.01603e-08
9.85551e-09
9.55984e-09
9.27305e-09
8.99486e-09
8.72501e-09
8.46326e-09
8.20936e-09
7.96308e-09
7.72419e-09
7.49247e-09
7.26769e-09
7.04966e-09
6.83817e-09
6.63303e-09
6.43403e-09
6.24101e-09
6.05378e-09
5.87217e-09
5.696e-09
5.52512e-09
5.35937e-09
5.19859e-09
5.04263e-09
4.89135e-09
4.74461e-09
4.60227e-09
4.46421e-09
4.33028e-09
4.20037e-09
4.07436e-09
3.95213e-09
3.83357e-09
3.71856e-09
3.607e-09
3.49879e-09
3.39383e-09
3.29201e-09
3.19325e-09
3.09746e-09
3.00453e-09
2.9144e-09
2.82696e-09
2.74215e-09
2.65989e-09
2.58009e-09
2.50269e-09
2.42761e-09
2.35478e-09
2.28414e-09
2.21561e-09
2.14915e-09
2.08467e-09
2.02213e-09
1.96147e-09
1.90262e-09
1.84554e-09
1.79018e-09
1.73647e-09
1.68438e-09
1.63385e-09
1.58483e-09
1.53729e-09
1.49117e-09
1.44643e-09
1.40304e-09
1.36095e-09
1.32012e-09
1.28052e-09
1.2421e-09
1.20484e-09
1.16869e-09
1.13363e-09
1.09962e-09
1.06663e-09
1.03464e-09
1.0036e-09
9.73489e-10
9.44284e-10
9.15956e-10
8.88477e-10
8.61823e-10
8.35968e-10
8.10889e-10
7.86562e-10
7.62965e-10
7.40076e-10
7.17874e-10
6.96338e-10
6.75448e-10
6.55184e-10
6.35529e-10
6.16463e-10
5.97969e-10
5.8003e-10
5.62629e-10
5.4575e-10
5.29378e-10
5.13496e-10
4.98091e-10
4.83149e-10
4.68654e-10
4.54595e-10
4.40957e-10
4.27728e-10
4.14896e-10
4.02449e-10
3.90376e-10
3.78665e-10
3.67305e-10
3.56286e-10
3.45597e-10
3.35229e-10
3.25172e-10
3.15417e-10
3.05954e-10
2.96776e-10
2.87873e-10
2.79236e-10
2.70859e-10
2.62734e-10
2.54852e-10
2.47206e-10
2.3979e-10
2.32596e-10
2.25618e-10
2.1885e-10
2.12284e-10
2.05916e-10
1.99738e-10
1.93746e-10
1.87934e-10
1.82296e-10
1.76827e-10
1.71522e-10
1.66376e-10
1.61385e-10
1.56543e-10
1.51847e-10
1.47292e-10
1.42873e-10
1.38587e-10
1.34429e-10
1.30396e-10
1.26484e-10
1.2269e-10
1.19009e-10
1.15439e-10
1.11976e-10
1.08616e-10
1.05358e-10
1.02197e-10
9.91313e-11
9.61574e-11
9.32727e-11
9.04745e-11
8.77603e-11
8.51275e-11
8.25736e-11
8.00964e-11
7.76935e-11
7.53627e-11
7.31018e-11
7.09088e-11
6.87815e-11
6.67181e-11
6.47165e-11
6.2775e-11
6.08918e-11
5.9065e-11
5.72931e-11
5.55743e-11
5.39071e-11
5.22899e-11
5.07212e-11
4.91995e-11
4.77235e-11
4.62918e-11
4.49031e-11
4.3556e-11
4.22493e-11
4.09818e-11
3.97524e-11
3.85598e-11
3.7403e-11
3.62809e-11
3.51925e-11
3.41367e-11
3.31126e-11
3.21192e-11
3.11557e-11
3.0221e-11
2.93144e-11
2.84349e-11
2.75819e-11
2.67544e-11
2.59518e-11
2.51732e-11
2.4418e-11
2.36855e-11
2.29749e-11
2.22857e-11
2.16171e-11
2.09686e-11
2.03395e-11
1.97294e-11
1.91375e-11
1.85634e-11
1.80065e-11
1.74663e-11
1.69423e-11
1.6434e-11
1.5941e-11
1.54628e-11
1.49989e-11
1.45489e-11
1.41124e-11
1.36891e-11
1.32784e-11
1.288e-11
1.24936e-11
1.21188e-11
1.17553e-11
1.14026e-11
1.10605e-11
1.07287e-11
1.04069e-11
1.00946e-11
9.79181e-12
9.49805e-12
9.21311e-12
8.93672e-12
8.66862e-12
8.40856e-12
8.1563e-12
7.91161e-12
7.67426e-12
7.44403e-12
7.22071e-12
7.00409e-12
6.79397e-12
6.59015e-12
6.39245e-12
6.20067e-12
6.01465e-12
5.83421e-12
5.65919e-12
5.48941e-12
5.32473e-12
5.16499e-12
5.01004e-12
4.85974e-12
4.71394e-12
4.57253e-12
4.43535e-12
4.30229e-12
4.17322e-12
4.04802e-12
3.92658e-12
3.80879e-12
3.69452e-12
3.58369e-12
3.47618e-12
3.37189e-12
3.27073e-12
3.17261e-12
3.07743e-12
2.98511e-12
2.89556e-12
2.80869e-12
2.72443e-12
2.6427e-12
2.56342e-12
2.48651e-12
2.41192e-12
2.33956e-12
2.26937e-12
2.20129e-12
2.13525e-12
2.0712e-12
2.00906e-12
1.94879e-12
1.89032e-12
1.83362e-12
1.77861e-12
1.72525e-12
1.67349e-12
1.62329e-12
1.57459e-12
1.52735e-12
1.48153e-12
1.43708e-12
1.39397e-12
1.35215e-12
1.31159e-12
1.27224e-12
1.23407e-12
1.19705e-12
1.16114e-12
1.1263e-12
1.09252e-12
1.05974e-12
1.02795e-12
9.9711e-13
9.67196e-13
9.3818e-13
9.10035e-13
8.82734e-13
8.56252e-13
8.30564e-13
8.05647e-13
7.81478e-13
7.58034e-13
7.35293e-13
7.13234e-13
6.91837e-13
6.71082e-13
6.50949e-13
6.31421e-13
6.12478e-13
5.94104e-13
5.76281e-13
5.58992e-13
5.42223e-13
5.25956e-13
5.10177e-13
4.94872e-13
4.80026e-13
4.65625e-13
4.51656e-13
4.38106e-13
4.24963e-13
4.12214e-13
3.99848e-13
3.87853e-13
3.76217e-13
3.6493e-13
3.53983e-13
3.43363e-13
3.33062e-13
3.2307e-13
3.13378e-13
3.03977e-13
2.94858e-13
2.86012e-13
2.77431e-13
2.69109e-13
2.61035e-13
2.53204e-13
2.45608e-13
2.3824e-13
2.31093e-13
2.2416e-13
2.17435e-13
2.10912e-13
2.04585e-13
1.98447e-13
1.92494e-13
1.86719e-13
1.81117e-13
1.75684e-13
1.70413e-13
1.65301e-13
1.60342e-13
1.55532e-13
1.50866e-13
1.4634e-13
1.41949e-13
1.37691e-13
1.3356e-13
1.29553e-13
1.25667e-13
1.21897e-13
1.1824e-13

